anchors:
- name: A0
  x: 3.313922882080078
  y: -1.9596823453903198
- name: A1
  x: -14.552188873291016
  y: -0.043607331812381744
- name: A2
  x: -4.823083400726318
  y: -4.877593994140625
