anchors:
- name: A0
  x: -1.675479531288147
  y: 0.3216857314109802
- name: A1
  x: 3.881361246109009
  y: -4.550108909606934
- name: A2
  x: 7.369778633117676
  y: -1.0265066623687744
