anchor_height: 0.6
anchors:
- name: A0
  x: 3.700648546218872
  y: -1.9166297912597656
- name: A1
  x: -14.632104873657227
  y: -0.002830216893926263
- name: A2
  x: -4.857356548309326
  y: -4.879232406616211
- name: A3
  x: -0.21085265278816223
  y: 0.04293825477361679
- name: A4
  x: -3.3238744735717773
  y: -2.6743597984313965
- name: A5
  x: -6.316506385803223
  y: -2.1290879249572754
tag_height: 0.6
