anchors:
- name: A0
  x: -1.2128221988677979
  y: 0.5695970058441162
- name: A1
  x: 13.75289535522461
  y: -9.713449478149414
- name: A2
  x: 7.262042999267578
  y: -1.0518779754638672