anchor_height: 1.48
anchors:
- name: A0
  x: 3.8147213459014893
  y: -1.9840744733810425
- name: A1
  x: -14.621601104736328
  y: 0.062142353504896164
- name: A2
  x: -4.704984188079834
  y: -4.827056407928467
- name: A3
  x: -0.15764708817005157
  y: -0.013593506999313831
- name: A4
  x: -1.9844685792922974
  y: -6.050537109375
- name: A5
  x: -4.761539459228516
  y: -1.609756350517273
tag_height: 0.6
