anchor_height: 1.27
anchors:
- name: A0
  x: 3.706220865249634
  y: -1.7960236072540283
- name: A1
  x: -14.572203636169434
  y: -0.00978473387658596
- name: A2
  x: -4.868201732635498
  y: -4.873304843902588
- name: A3
  x: -0.3732370138168335
  y: -0.12885375320911407
- name: A4
  x: -1.8859832286834717
  y: -6.132767200469971
- name: A5
  x: -9.347077369689941
  y: -6.25183629989624
tag_height: 0.6
